98
488
982
282
607
168
538
675
953
263
285
731
143
626
775
81
943
616
557
381
818
166
197
739
637
426
431
826
110
168
794
899
346
466
871
954
634
409
628
586
362
604
316
506
229
781
277
172
396
524
243
904
380
130
643
16
247
73
843
357
933
326
946
278
792
817
922
115
225
550
701
277
844
707
473
72
177
751
935
263
965
869
167
345
689
500
361
936
263
894
983
195
911
929
474
392
435
85
508
350
325
899
627
168
606
100
932
783
541
556
737
505
424
904
850
804
403
902
739
356
485
722
552
395
340
716
788
775
801
295
815
126
193
441
294
489
231
225
963
772
782
699
277
896
292
817
699
385
718
128
741
203
850
983
288
880
698
75
344
189
60
158
315
945
289
299
123
521
215
776
292
687
474
569
272
456
386
972
841
794
790
272
687
329
254
976
208
953
741
552
832
802
400
837
436
689
135
559
209
40
335
502
417
499
761
690
956
146
351
486
631
140
758
317
469
12
292
677
655
724
919
176
215
318
12
651
6
838
209
907
879
234
408
295
734
859
985
379
5
25
865
326
165
313
643
634
15
626
0
360
349
919
536
564
927
548
214
624
385
113
530
954
348
628
249
772
486
924
150
181
950
705
507
114
17
841
439
32
466
439
392
815
48
928
68
975
165
282
288
551
85
508
504
123
135
443
895
312
57
735
493
697
130
691
501
147
531
940
871
687
69
953
501
117
571
259
782
736
231
70
977
316
268
171
440
404
304
24
716
361
450
899
57
580
279
559
417
500
188
978
186
257
621
377
64
191
636
537
617
867
297
284
183
565
455
313
969
759
27
374
811
477
964
558
747
933
116
855
433
996
522
619
943
142
997
7
23
632
544
641
189
841
925
372
405
69
375
64
518
402
128
328
570
782
887
316
715
693
861
147
378
383
456
321
215
452
328
239
775
562
880
964
92
494
25
497
563
400
251
80
492
70
99
61
852
676
68
256
58
619
403
437
1
860
758
217
1
776
146
466
27
25
119
119
209
144
616
772
234
558
542
727
628
331
478
169
6
546
426
756
165
519
883
857
68
330
764
761
105
910
226
132
625
346
251
834
490
557
295
415
805
528
832
122
859
309
983
556
546
408
311
401
617
193
257
686
523
21
446
318
