26
36
-0.341005 -0.309224 2.552895
0.525730 0.000000 0.850652
0.162456 0.499995 0.850654
0.276388 -0.850649 0.447220
0.688189 -0.499997 0.525736
0.162456 -0.499995 0.850654
-0.723607 -0.525725 0.447220
-0.262869 -0.809012 0.525738
-0.425323 -0.309011 0.850654
-0.723607 0.525725 0.447220
-0.850648 0.000000 0.525736
-0.425323 0.309011 0.850654
0.276388 0.850649 0.447220
-0.262869 0.809012 0.525738
0.894426 0.000000 0.447216
0.688189 0.499997 0.525736
0.951058 0.309013 0.000000
0.587786 0.809017 0.000000
0.000000 1.000000 0.000000
-0.587786 0.809017 0.000000
-0.951058 0.309013 0.000000
-0.951058 -0.309013 0.000000
-0.587786 -0.809017 0.000000
0.000000 -1.000000 0.000000
0.587786 -0.809017 0.000000
0.951058 -0.309013 0.000000
0 1 2
3 4 5
6 7 8
9 10 11
12 13 2
14 15 1
1 15 2
15 12 2
2 13 11
13 9 11
11 10 8
10 6 8
8 7 5
7 3 5
5 4 1
4 14 1
16 15 14
16 17 15
17 12 15
18 13 12
18 19 13
19 9 13
20 10 9
20 21 10
21 6 10
22 7 6
22 23 7
23 3 7
24 4 3
24 25 4
25 14 4
17 18 12
19 20 9
21 22 6
23 24 3
25 16 14
